292 111111111111191, 0111111 aba 111111111ηά71 81111111.

11111111 111 1111111111 111111 ((111, 1111111111111 1111111
noch 111 1111111111 1111 8111111111. 0111111 Majunke. seit 111
111111 11111Η11111111111111 11111111. 11111111, 11111 11 111 111111
8111111 11111111 111111, wie 11111111111111 11111111111111118111-
111 im (111111 111 111111 11111111. 11111111111111111111111111111
8111111 1111111111. 811111 111111 11, 111 111 premam 711111
1111111111 111 11111 11111111111111111 111 311111111111111
111 111111111111111 711111111111 11111111, dass 1111 1111311111
81111111111 111 1111 111111111111111 8111111 1101111811111
1111111111 1111111111, 1111111 111 Scheingrfinde 111 (1110111111111
111111111111811111111131111111111111111111. Am 81111111 111-
111 111Κ11111111111111111111 1111 111 0111111111, 1111111111
(1111111111 11111 1111111111 8111111 vom 81111111 81111111111111
Dr. Faedr. Hoffmwm. 1111 11110111118111111111 (111 81111111.
Berlin. Springer‚ 1859. 44 S. 8.ss 111111111111 8111111111111111111
111Ρ1111111 111 8111111111 1111 1111111 1111 11111111111111111111·
111111, 111 11111 11111111 11111111111111111111111111111 1111111111
11111111 worden 111111ηὲ 111Ρ1111111 111 ’1111111111 Μ1ςί1111
11111111 111111111111111 11111111111111111111 1111111111.

Die 111111 1111111 111111 8111111 1111111111113001111111111
111 10 1111.) 111 11111 1111111111113 111 111111111111ς 111111111-
‹IIgt 111111111 Grt'mden die 11111111111111 811111 111 gibt 111
1111111111 1111 1111111111 Belege 111 ‹Ie-m 8111111111. ι

1111 8111111911111111111 111111111111111111 8111111111 111
111111111 11111111111111111 ρ111111111181111111111111, 1111111
111 0111111111111111111111. 11111 11111111111111 111 111111
1111111 1111111111 111111111111111 {ostsschulem 11 11111, 111·
111 0111111111111111111, welche Lente 111111111 11111111 1111111111
111 111111 1111111, was 111 011111111111111 1111111 111 was geng
(1111111111 11111111

Ρ111. Dr. 011111 (ng 11111 (11111181111111 1111111111
Fragen auch Archiv 1111111369 1., 487 1., XXIV ll. hatte 10
1111111. Η1111111111111 11111111 111111 81111111 1111 1111111111·
11191111· Υοῑ11111111(Β11111.81111111, 1869. 140 S. 8111111111
dass nach 1111111 prensa. Laudesgesetzen 111 1111111111111111111·
111111 1111111111111. (11111111111111111111 111 0111111111
8111111111 in 111 11111111. undimSeparaIabdruck: »1)1. (111111111
1111111111811111 (Β11111. 1111111111 1870. 56 S. 8.) 11111111
11111 11111 1111 11111111111111
11111111111111111111 (1111111111111111111111 des preuss. IIII·
111111 vom 11111 1794, 111 Boetimmungen (111 1111111111111111
Bestimmungon und (111 (1111111 1111111111. 711111113117111111

11111.

 

