Debeaclu 111111 vom 30. 1111 1870 111 111. (11111111111111111. 285

1111111. 111 11111 Woigerung 111 1111111 111111, 111 111111
1111111111 11111111 11111111,11111111111111111 1111111111, that-
11111111 jone 1111111111111 1111111111, 11111111111111111111
neuen ordnung 111 111111 11 0111111111 1111111111. 1111 11111
11111111 111 (1111111111 111 (1111111111, 1131111111 111 1111111111
1111111, 11111 (1111111111 1131111111, 11111111 111 1111111111,
1111 11 111 111111 111 1111111111111111111 11111111111111113111-
11111 1111111111 111 daher in diesem Konigroiche 111111 1111111111
mehr 11111 111111, 1111111 111111111111111. wir 1111111111 111
Heiligon 11111, 111111 111 111 11111111 111 1111111111 1111111111·
111 11111111111111111111111111111111 dem 1111111111 111111
111111111111 1111111111111111111111111111111111111 nahmen 11
1111111111 1111111 darauf 11111111111111111111 111, durch 111
Β1111111 111 111111, 111 11111111111111111111111111111111111
ihre (11111111 zu stenen, 1111111111111111 01111111 1111111111111.
Dies war die Haltung, welche 1111 1111111111 11111 1111111-
men. 111111111111111 11 111 11111111 111 1111111111111111, nieht
ohne 3111111113 111111 Beffirchtungen 111111 11111111, iudom 1111
1111111111111111111111111111 11111111111111111111111 1111111111
1111111111311111111111111111111111111111111111111111111111111.
’ Das 111111111111 (111111 111 1111111111111111111111111
ε dieser 1111111111111111111111 sollte in 1111111 111 3111111111
1 11111 111 1111111111 11111111 fiber 111 (11111, 111 111111111111111,
, geben. 1111 grossas 111111 111 1111111113 111 111 Boruhigung
3 1111111111 1111111111. 1111111111 1111111111111111111111111111
· 111111 1111111 1111111111 111 111 1111111111111111111111111111
;, 111 111 111111111111, 111111111111111111111111 1111111 ’1111
; 11111111111111 (1111111111111111111.
3 1111 111ςί111111, 111111 111 1111111 1111 111 1111111111 111
·, (1111111111111111 1111 1111111111 jeder Ρ1111111 und 1111111111111·
3 1111111111,11111111111111111, 1111111111 Prfifung der Ρ1111111
3 11111111111111111111111,1111111111 111111 1111111 1111111111
11111111 11111111,1111111 einen nicht 1111 religionen character 11111
,11111111 1 Regiorung spmch 1111 1111111111 111 11111 111111-
,1111111111113 111; 111 1111111111 1111111111,111 111 11111 111 111·
3 1111111111111111 11111 111111111111 zu 11111111
,ζ 1111111111 1111111 1111111111 1111111111111111111 (11111
,1111111111 1111111111 11 11 1111 1111111111 1111111111111111111111-
,111111 11111111111111 1111111111,1111111 11111Β111111111 111
1111111 11111111111111111111111111111111111 11111 1111111111
ᾗ111111111111111111111111111111111111111111111,11111111111111

 

