214 Uener 11111111111111911 11111111. des [1111111111111 Ρ111111111.

11111111111111111111111111111 111 1111111111, 1111111111 angegrennen 1111111- ’
111111 11111111.

§. 18. 11111111 1111 111 1111111111 111 1111111111 1111 111 1111111111 111
11111111, 111111 111111111111111111 11111111 111111111111111111111 111111
8 nis 91111111111111111111 11111111, 111 1111111111 1111 111111111111111 111-
11111, 111 1111111111 in 11111, 111 1111111111 111 1111111111 11111111111 11111-
nungen 11111111111111111 rongnlng zu 11111111.

ξ. 19. 1111111111111611111111111111111,111111111 1111 111111 1111111-
11111111111 1111 111 11111111111111111111 durch ihren 1111111111111111,111111
1111111111 des commissarius 111 1111111111 1111111111, 1111111111111

1. 11111 1111111111111 111111111111111111111 111111111111111111 1111111111

1111111111 und 111 1111111111, ,

2.111 3111111111 111 1111111111 1111111111,Γ 111 111111111111111 1111111111111 ÷

1111 111 1111111111 1111111111 111 111111111111111 1111111111.

§. 20. 11111 1111111111 111 11111111111111111111 111111111111111111, sich
1111 111 111111111111111111 111111111111111111 11111111 111 111111111111111111 11
111111 11 1111111111.

11111111 1111 1111111111 11 811111, 11111111 1111111111111111111

1.11111111111)111111111 111111 1111111111 111 1111111111 21111111

1111111111 111111111111111 1111 1111111111 11111111111111111111.

2111 Patron 11111 111 11111 111 11111111111111111111111111111111111 3

oder subsidinren Leisrnngen und Vernniehtungen 111 1111111111 111 ’

11111111111111 1111111111.

3. 1111111111 1111 1111111 1111 111 dem 11111111 111111111111111111111- =

11111,1111111111 1111111111 111 11111 1111111111111111111, 111.

§. 21. 111 111 111 811111111111111111111 nesnnnnungen 1111 111 1111111111
1111111111111111111111111 111111111111 11111111 111111111111111 111111111-
11111 111111 1111111111111. 111 Patron 111 1111111111111111111111111111111-
111111111111111111111111,11111111 11111111 111 11111111 stiftungsrn'nssrgen
vernanung 111 1111111111 111 11111 111111 1111111111 1111111111 1111111111

. 11111111111111111111 111111111111. ’

ξ. 22, 11111111311111111111111111111111111111111 uber 111 11111-
tige nnfnnngung 111 111111111111111 1111111111 1111111111 1111111111 111 11-
gierung 111111, dass

1. 1111111 1111111111 11111111111111111 111 1111111 11111111 111ῐεί111111
1111111111 1111111111,

11111111111111111111 tremende oder enrzelner classen 1111111111 uber
1111111111111111111111111111 1111111111 11111.

§. 23. 111 Recens 111 111811111 11111111111111111111111111111111,11111111 ,

1111111 11111 11111111 1111111111, 111 111111 111111 1111111111111 111111, 111111111 je· 1
doen nur 11111 §. 21. 111 22. 11111111111111111, 111111 1111.

ς. 21. 111111111111111111111111 11111111, sn nestnngt 111 1111111111
1111111111 111 111 statut, 1111111 111 1111111111 1111111111 11, 111 1111111111,
111 11111111 Tage 11 111111 11 111111 11111.

1111111111 1111111111 1111111, 11 111111 1111111111111111111111111
1111111111 11.

§. 25. 11111 111 resrsetzungen 111 1111111111 slent 111 6111111111·
1111111, 1111 Patron 111 111 1111111111111111 111111111111111111111 1111 1111111

 

