236 11011113. 11101110011001011 Ρο110101000011101111 11011191. Promea„

10111101, dass 11000 15 Ρ10110101 010 101 111010 collatio 1100

110011110100 8111100 11 1110111010 1010111011θο 0011001100 001, 01011
10010100 11000. ·

Auch 10301101003 111 110 28 1111301 Ρ10110100 111000 01
01111110101011 011110100 1010101010110000 Β1001010 1100101010 10
dem 8011011001010 111001011843 1101111101011001111010 00 0101 100 1
101 1101011013103 01011 01110000, 1000 110 Βο0011113010011 0101 auf
8011011 100 11100111. 8111100101010, 10003101010101011101101000110110,
1000101100011110010111001 0100010 1110101111 10300 100 1111110100 ,
300011011101001111 10011110100 1011110100οε 0110110, 10100 1111- 1
1111103 11011110001000101111 0101 001110113 0011 111110. Er habe 1
101101001001001100110110011111100 30310111, 1000 die. Κ1113110110 ³
staatsregiorung 1010 110100100 3011030110100111110, 1101100111. =
0011010101001110300 101 0111110100 15 1111110100 001101100001, 1
10300101 1111300 28 Ρ10110100 0101 0110 101310101010100130 11110- ’
113103 010110100 11 100001. Da 01 101000 1011001 0000110001110
1010011110, 1100 1101011 01111 010113010101010, οο 10110 01, 10100100
(10001311οἰ1 11 1113110101 0101010101 1110113103 101 1111101001οη 111
1011111300, 000101101310110111103 001000 (10011010 0101 1101111101
10101101111100, auf 10011111 3001001101 1101001103 0111130100, 101-
3001111, 1000 100 010 an 110 10 11030 010100100 43 Ρ10110100 10

101 11111100011000011101100, 11100, 11001 0100 1101001100, 001 es

1) 10 diesem (101110011100011111001 11110 1011001100)01001011011101101111101.
101 301011. 10301. d. 1. 1011011010 10110111 1811 1111 1111 3100001-80111110 101 ’
111010101110111101000 011101 1103011111, dass 0111 11011101010013011101100100.
11011101 1111101011 001 111111110111100 10011110111100111 110110110101101101130
1111100101100110111 0110 1100010100 100 1101101011οε 1101 11 10001100 hane. 111
50111000 0130111110 1100, 111 ministerium 01130 die 111οΙ31. 1103101013 10 1111111 1
10110110000,1100111001101οο1001 nicht begrundeten 101100100οῑ10 11101 110
100110111111011 1001111οΙ100 11101001 101010 111 1011000111113 1010011101 01111111
110 111101111310011111001011110101 Placet 1001111010.

1100 weltere 1101111010 1113010 10 das ministerium 1. d. 1010111011,
1180010110111110001101101011011100110 110 1103101113 11 1111111 100
Placet 0101110 10101 01000 0111101100 1100011011οο 01110110, 0001011 [1111111010
30110113113011110100 0181001001 00015 81110030. 0101001130.

110 1100111101οο 8111011100 d. d. 1. November 1811 00 100 ministerium
01111111 0001 weltere 10010311110 111 die 1111011 0011011010111111011011101,
1111011001111111130101011,11001100, 1110110101, 1111Ιο10111, 1100111011, 1101010100,
1101000011 bei, 111011 101 1111100101101 111101 1111 101 11110010 11000 3101100
010111 010 1011111101, 0001010 »lure ordinario«, »collatione 0101100100011111 10
00111 habe.

 

