1611666666 (1166 1661616111666166 16166. 0666111666. 103

16 616116 96161611 werde. Vor der liberalem 1616 66616 diones 116
ganz 661666161166 661161111161666 1616616616Η611666616661961666
mildo 9616611611, 6611 aber im k. 1. 061166616161661661 166Η66
Baron Η6166111611161616666666 166 116191666166166 66616111, wird
das 1166661 661 6166 1161661116666 16616 1116166 6661661111669
gebmcht. Wir 66166166 manche 1616616616 166961666666 im Bud-
Ι961 16616191666166166, 1616616166( 16161166 9666611 werden 116616,
616 6611616116 6611 166Ρ666166 (161(16161116166. 116 11111 161661
66619, 116 1161166669 66 1616661166, woher 616 166 116611 661616,
66 begehrem¹ dass 166 11666661161966 zur Ρ666166 661666 166916--
gers 16116196 66116616661 166116616616116 zu 1616666, dass 116
1611661616 Ρ161616 1661Ρ61166616 166 1161966166166 61611 6616661616.
116116 161616 11166166 Ηο1611 116 6611166166 1611666166, 116 or 666

’ 166 6166611616 Η61166161166161161. 1616611696- 661 Ρ66-

61666-11666616, welches 666166661966161616616116 6166661, 161
166161111616666 61611 mehr 6166661661 661 661116 6661 (166661-
1191611 661 1111119161191161611 worden.

..1, 116161 ennae 6611616 161616666661116166116666, 116 zum ’11611
noch 61611 ganz ausgetragen 6161, werden 6116611616 1666616166 1111161616-
6161166. So 1161116 8616116669 der 16161166 (166 1166161611666 Jo-
6691 1166119166 666 Isim 1616116161616661661611916661661661166 1661611
661 116161( (191. 1661611. 11611116. 1881,111,177.; 1171, 111. 81. 66181), 116
Ιη16666166616116116 der osteketokwchm Β1611161611691. 1661661.1611(611.
1171, 1618). 116 1191166166 6161966 669661661666119666166166 96966
(116 16661166 (1661616. 1616161811, 116. 177), 661 16 16166161166166 ,1166-
6116616616666 gegen die 1666611669 der 1166169166166 1166661111 6616661661(
(16661116 16661166 (1661. 1111. 1171, 11. 71), 661616 1161 116 166166966666 mr
016161666161 vom 20. 1166661161· 18111 (verorum-81. 166 1116161. des (161166
1871161161 1.) 661 116 1616616666161661621. 7616661 1871 (1116666111-
ceam-m. 1871, 111. 1. 11.,166166. 17611611. 1811, 116 151, 1871, 116. 86), 66·
(16161116 1166-116666166111616, 661616 16666111. 66161161 661 aus dem ver·
61966 161166 116] 61661616661661666616166, also ((66 11161116166116116 16-
11616116, (1616111161111 1661616116 1111116666 661 (161· 1161111667116611666
entzogen 666166. 16111666 161 6166 616666166161166161611166, 1161161 der noch
6616666166 161616 8611661611 1666166 vom 1116111171 11161· 116166116611111-
61666 661 1666611666 der Stinungen 66161 vouzugsverordnungen vom 18. 661
111161. (161. 1161 166 161611116666 16661666 Archiv xxm, 111, 317 661 116
11616166611161666666 166 11611. 16611. 11666. zu 16166666 1111611871
116 ,16ῑεὶ6611111 1111 1161166166111611616 1117111611.)

-u———u—-o

 

