Inhalt.

1. 1111 1111111111 11111. un· ι

1. 111 11111111111 111111 11111-

11111111 concil ..... 1
11. 1. 011111111111191111111

de Fide catholica, 11111111

11111111111.(1.21.111.11171) 11
2. 1111111111 111111111. 111111

11111111111111111 . . . . 11111
1 11111111 1111111111 111-

selben ........ 111
111. 111 111111111111 111 ersten

11111111 111 const. 11111. 11

1111111111. ....... 11111
11. 1111111111111111 111 111-

1111 11111111111111 1111111·

11111111111111111111111111111 xm
1. 1111111111] 11111111111111·

1111 111 111111 111 stant,

welches von einer 111111 111

1111111111 111 111111, oester-

11111111111111111, 1111111,

111111 111 1111111111 1111

111111111111111 (1111111 1111·

111111111111. . . . 1111
111. 111 111111 111 111 11111111·

111(1. 111111.1111.·1111.·111111·

111 1. 8. 111.11111; 1111111-

111111 111 1111111111 111-

1111111 111 11111 111 card.-

1111111111.1. 11. 11111 1871.) 111111
111. 1111111111111 111111111111

11111111111111 111 111 11-

11111111111111 1111111, 111111.

1. 1111111 111 11 1111111111,

1. 1. 1. 1111 18111111111111

111 11111111111111 1111 111

111111111111111111; 111111-

11111
1111111 1111111111 111 111·
1111. 11111111111111111 111
concils. 1. 111 schem· 111
111111.11111111111111111111·
1111 111 51 1111111111 111
111111 1111111111111111111
11111111111111111111111 111·
111111 111 1111111. 1111111
11111111. 1. comm. 11911.
prima 11 Eodem 0111111
edita 11 11111111 111118.
,11111811 (11111 1111111111·
111111118.1111.)7.11111111
111111111111 11111111. 111·
11111111 111 1111111111 111·
1111111111 1111. 1. 1111111111
11111111 11111111111111. 11.
1111111 111 1111111111111111-
11111111 111 1111111111111
111 concils 11 111 111111.
11. 1111111111 111 11111111
11111111 Fruge. 1111. 1. 1111-
111111111 1111 1111111 Ent-
gegnung 111 1111111111111
1111111111 111 111 1111111111
11111 1111111111 1111. 111·
11111111 (11111) 11111 111
111111 111 1111111111 111111-
1111111. 11. 111111111111111
111111. 11111111111 . . . . 11111
11111. 111 1111111111 1111111111·
1111111 111 1111111 111 111
1111111111181111111111111 1.
1111111111 (l. 1111 1111111·
1111111111. 11111111 vom 11.
August 11171 11 111 11111111
11 11111111111111 11111111·

 

