Proteat 111 01111111 313111 11111111113111 desselben. mv

«011111111111110111111111011111111 81111111 (1113. 111, Gazette 11
france, 11111111, 11110111 universa), 1111 11 11 111 1111 111313111-
111 111 1111111111 1111111111 1111111111 1111 111 1111111 111 1111111111
1111111 111111111111111 10311 1111111111 worden, 1111111 1111 11111111, 11 1111
111111111111111113111111, sie 111111111111011111. 1111111111 111 11111111
1111111111 dieser 1113111 es 1111111111 11111 1111111111 gest-bricheno 1111 111
1111111101 111 11 passe 11 concile« (0111 1111111 011111113111)111111
11111111 111111 11 Cone-lle« (1111 111111 511111 111 0111111), welche 11 111 111111
11111111111111 111 in der 1111111111 1111111111113111 111111111111111
111111111 11 1111111111111. 0111111111111111111 111111 111 die Wnrde und
11111111 1111111111 111 1111111111 den 11111111111111 10111 1111111111 111111
1111111111 1111111111111311111111111111111111111 11 1111 11311 111 1111-
11111111110111111 1111131111111111 1111 111111113111111111111 1131111111.
Nun 1111 1111 wir, 1111111 111111 1111111111, 111111 1111111111111111311,
11111 11 111311 1111111111 111111, 111 11111111111111111111 11111113111311111·
111 11113111111131, 31111 1111111 111 grosse 81111111111 111111 8111111111
1111111 111 11 111111 11111013111111,1111111111111 11111, 111111111111111
1111111111, 11111111 1111111 111 11111111111111 11111111, was 111111 11111·
11111111 11011311 111 1111111111, 111 11 11111111111111 11111111111101·
11111 1111111111 111111, 111 111111111111111111111, 111 11 111 11111111 dieser 1111·

11311 synode 11131311 die 11111111111131111111111111111111111111111111111111 .

11111. 1131111111 1111111 1111111111111111 1111111 11 1111111 11711

1111 1111111111 11111111 11111 Reme 11 111111111111. 1870. 111111.
p. 108 sq.

1111111111 111111111111111 1113111111 11181111111111 111
1111131111 11111111 111111 dem 81111111 111 0111111111111111111·
rung 111 111 11111. 811111 111111 1111111111311111131111111
111 111 01111111111111111111111111111311 1111111311 11111311111111
111111 1111111111 11111111111111 3111111131 11111, 1111111111 11111111
11. 1111111111187011111111 Eine Schliessung 1111 1111113113 111
0111111 findet 111111 nicht 11111.

10. 11111111111111 women 111 1111 1111111111 111 111111111111111111
man 1111 11111111 11111111111 1111111111 111 11311111111111 1111111111
1111111 11 111 01111111110111131, 1111311111 11111111111111111111113,11 1111
1111111111 1111 111111111111 1111 1111111111 11111111 worden 111. 111 11111111-
111 11111111111111111 111111111111111111111111113111111 111 Marci (111. 111111
1111111, s. 111), 1111111 1111111111 (111111 1111111, 111, 111, 411), 11111111
1111111111 111 st. 11111, 11111111Ρ1111111 11111111111111,313110111 11111111 1111·
11111 111111 111111111181111113 111 1111111111 die 11111111111111111111 1111111·
diga. 11111 111111 1111111111 1111131111 11 111 1111111113,111111111101111-
11111 1111), Iaesebue (Archiv 1111111, 111, 131), 0111111311· (1111111 111111,
111, 111111 1111111 1. 1. 1111 Die 111111111113111111 des Papstes 11
1111111111. 1111111. 11111 11111111 111 11111111 1111111111. 111111, 111. 1. 111
s. 8.). 1131111111111111111111111111 1111111111 11111111 1111111111 111
(1111111 1111111, 1111111111). 1111111101111111111 (111111 (111111 1111111,
111, 1811111111 1111111 Mol. Hoffmann 111 11111111 1111111111 1111111111
0111111111 1111111111 11111 (1111111111111111111111111111111 111111 1111111111

mu» 1111111111. mv. ' V

 

