LXX 11111111111111111· 111 0111111111111111111.

(segon Professor 1111111111 11111111111 111 1111111111 11 1111
111111. 111. 11 11. 111111111111 1111111111111111111111111111111111111. 11 S. 111.)
111111. 1111111111. 11111111. 11111111111111111111.111111111111111111111-
1111111111.111111111111111111111.111111111111. 1111111. 111, 181). 11181111.
1111111111 1111111111111111111111111111, 1111 11 1111111111 1111111111111111111·

11111111111111111111111111111111111111111111111111111111111111111111111111111 “

111111111111111111111111 111111 1111111111111111 narlegung 11111 1111111.
(111 111111111111111111111111111111181111111111111),1111111111111111111111
11111111111111111111111111111111111111 8111111 11111111 115711. 1. 211 1111·
11111, 1111 111 1111111 „quemadmodum 1111111* 11111 1111111111111111111111
111111111111 11111 1111111 [111 1111 111111111111111111 1111. 0111111111 11111
111111. 11111. 111. 1111, 1111111 11111111 1111111111 11111 11111111 1111111111.
1111111111 1111111111 1111111 11111111 1111111111111111111111, 11111111
111111 31111111111111 11111111 111, 111111 111111 111 1111111111πηί1 111 1111.
111. 1111. 11111. 111. 111 111111 1111111111, 1111111111 11111111111111111111111111
11111111 11111111 1111111 111 1111 1111111 111 11111111 111 1111111111 1111111111
1111111111 1111111 111 11111111 1111 1111111111. 1111111111 111111111 1111111111,
1111 jener 1111111111 1111111111 111 sinn 111 (1111111111 11111111111111111111,
11111111111111, 1111111111 1111111111 11111111111111111111 1111.

11111 11111111111111 summan 1111111111 111 1111111 111111111111111
111111111111111111111. S. 181.) 1111111111111 111 1111111 111111111111111111111
111111, 1111 1111111111.

11111111 1 1111 81111111. 01111811111111 die Frage: 111 1111111111 ’

11111111111111111111 111 111111111111 111 111111111111111111111 111111111-
111. 11111 1111111111111 111 11111 1111111111 111 1111111111 1111111111
111 81111, 111 1111 11111111 111 [1111111111111 111111, 111 111 111 1111111111
111111111111111 1111111111111111 11111111 11 111111 11111111111111111 1111
11111 111111 11111111.

11 111111 1111111111111111 1111111111 1111 1111111111, 1111 11111 111-
1111 1111, 111 111111ιί1 „Die 11111111111111111111111111Κ11111··, 111 111
11111111 1111111111 1111111111 111 11111111111111111 111· 1111111 11111111.

11 1111 11111111 11111 1 111111111111. 111111111,,111111111111·111111“111
(1111111111 11111111 Ζε11“ 111,,11111111111 11111111111111111 111 1111111111-
111111111111111111 1111111111 1111111111 1111111111.“

11. 11. 111111111111811111111 111111 111 1. 111111111111111111111111111
1111 S· 1111. 1111111111 11111111111111 1111111, gesen deren 111111111111 111

11111111111111111,1.1.1.;»111111111 1111 concil 1111111. (S. 1-171, 1111 1

11111111 einiger 11111111111111’1 S. 274-78. 1 1111)..

11 1111111111. 111. 11111 1111. 1111111111111 1111111111 11111111111111
111111111111111111 1111111, 11111 11 11111111111111 1111111111111 1111111111
11111111111111111 1111111111 1111111111 111 (11111111 11111 111111111111111-
11111111 1111111111111111.

1111 1111111111 Professor 111111. Michaelis zu 111111111111111111111111
111111111111111. 111. 1111. 1112111111 offena 1111111111 der 11111111 gesen
1111111111111 1111111111 111 1111111 11111111111111111111111111. 1111111
1111111 111111111111111111111111111 11111111111111111111111111 1111111111111111
1111 1111111. 111. 111. 112 11111111, 111 1111111111 111 11111111 1111111111111
111111111111111111, 1111 11111 1111111111 11111111111 11111111, werin

 

