1111171. 321

1111 111
1111111111 11 8111111110 11111111·

1111111111 (1111111 01101111·

11111 81111111111011110111011·
11111111 111111111111111111111111·
1111111111111111 11 Ρ11111111 0111111. 12. 1. 21. 81111870) 100
(8111111 0111111111. 8111111111. 18. 8111111111, 8111111 1111111 011.
v. 11111111101111111). 118 011 81111111 ....... 8
0. 1111111011 1111111011111111111- 11. 11111. 811111011101181111111
patromtoinPrmooenwenk· 01181111111811111111 . . . 808
1111111 v. J. 1810, 1111111. 011 15. 8111119.811111111111111111111111· ’
1111011111 011 111. 17. 011 11111811111111111 111011111-
1111111.1111.·1]11., 11111 811111· reich. 11. 111111 1118111111111
1111111111 111 1818 110 0111111 011111111111111. 1. 1111111111 ’
1111111111 1118111111 einer 11· 111 dem 111111 11111 1111111 zu
11111ιί11 111 1111011111 011 0111111111. 1811101111111111·
- 6111111101110111111111 cegeu- 1111111111 011 11111111 wesen
111110) ......... 201
7. 11111119. 0111101111111111111
111111111111111 111 1111111111
Ρ1ω1111111. 811111-811111, 8.
1.·11. culm, 0.11111111110,11.8111· ,
111, 11. 8101111111, F. 11011111,
(1.111101111111111011111) . . 228
8. 811111 011 prensa. 1111111. 011
, 1111111111 1111111111111111 110
011 111111 vom 0. 1111 1870
(1111111111 011 11111111 81-
1111111111111111111111111 111- 111111111111 8111111. 1811111111
111101 111111111111,011 111 111· 11111 vnn 111111111111111. 10.
1111111111 1111111111111111 1011 11111111 011 1111111111111111
111111111111111111111110). . 200 01111011011111111111111111). .
8. (1111111111111011 1111. prema. 18. 0111111111118111111110111·

81111111111111111 1110101. 1.
0111111111 1111111111 1111011.
5. 8111 von 0111011111 110
1011111 011 0111111, Ehe· und
8111111111111 101 0111111111 0.
8111101111111111 01111111 1111
111111111118110111 011 1111111·
1111111. 7. 811111111111 01181·
1111111111 011 1101111111.
8. 01111 01111111111110111111·
11111111 beu-egl, 1111 11011111.

1111111111 zu 8111111011 vom
28. 011. 1868 11 011 111111·
11111111101111111, 011 111101-
1111011111 15. 011 111111.
81111111111111111111 11 1111111
1111110110, 11111 111111. 0111-

110111111 0111 0111111101111·
1111111111 81111111, 81110111,
8111111111 011 1111111110111
1111110111 010111. (81111111 111.
2118-ς187, 1111111111 1800 111
1111111111111) . . . . .

1111111.·811111111111 2211111870 188 11. 0111111. 8111-111111111111111111

10. Ρ1111111111111811111 111128. ·

Febr. 1810, 11111. 011 8111111111·
sung zu Schenkunqen und
1111111119111Ζ11111111119111,
sowie 11101111111111111111·
1111111111 811111111011 11

01111111111111101101111111111- ,

11. 1111 1870 111111111111110-
beitrage in 011 11101111 wien

80

110 81. 801111 ...... 187

18. ledscllreiben des calumniat.

1811111111 111 1111111 11111- .
1111111111 111 8111111011. . .. 208

1110111111. 011-1111111111 1.

111111111111 ...... 110 1111111 1870 01111 11110111

11. 801111, 011 1111110111 011

8111111111 regit 111111 111 ,

, 0111111111 ....... 271
10. 011 1111111101 concordans

0111111111 01181111111111111 . 208 1101111111111 (1. 111111 111
11011 11111111· 1111 81111111. · 01111 11111111 011 01111111. 1.

 

