111 1111111111 omum 1111111111 ’111111 (11111. . 11

liobe 1111111111 1111111111 111 1111110111 dieser subvention 10
11111111 1111 1111011111111111 11011.

Histra 111. 111

¹ 1111 011111111111·111111111 1111 1. 111111 1870 1111119 011 111111111111111-
11111 111 11111111 01111111 1111 11111111807 1111111111 1011110111111111111111·
1111111111110001.10011111. 111 01110 011111 011111 1111111111 111101 11111
111110οῐ1. 0111110111 1110 011 1111111111011111101100111, 1111111111011
11111111111110111111111111111, 111 011111111111111 1111111111 1111 01111111
111111, 1111111111 1111 01111001111011111111111 11111111110111. 01111111
11111111111111111111111111 0111111111 0111111111, 1111 1111 uns 11111 1111·
1111. 101011 1111 1111101111111111 0111111 1011101111111101111111111101111111·
0111111. 1111101111. 1111111. 1809, 111. 110. 11110111, 111011111111111-
1111111111111111 0111 111111111111101111 011 1111111110 11111 11111111111111,
01111 011111111111111 0111111110111111111 011 11111111οῐ1 0111110111Ιο 110
11111111111111101 110 011 1111111011 011111111, 1111 11111111 11111111 011 111111-
1111· 1111 1111011111 8111011111111111 111111 1111111111111 11011111. 0111 010
1111 10111111 11111111 011 1111111011 11101111111111111111111 11111111 0111, 111 011
11101 11111111 11111011. wlf 10111 111 101 0111 0111111. 1111111. 1870. 111. 10.
11111101 vom cns 11101111111011 11111011111 011 11. 11. 011111111 011 81111111·
11111 11 011 1111111011 11111111011111111111 1111 ,111111111 0111 1. 1. 1111101111
111111111110111111111 011011111111-0111111111111 1111 11101111111111 110 1111
1111111111111111011 011010111111111111111111111 11011111 111 1111110101111 11110
1111111111 (111111111011111. 1111 11111111 1101111111 0111111111 01101111·
11111111111111111 110 1111100111011 11111, 1111101111 1111111111 111111 11·
111-11111111. 1110111 11101111111111 01111111 111 111111 1111111 11111111 11111.
Da 011 11111111 011· 111111111111111111 111 1111111111111111 111111 0111111111
111111111101111111 aller 11111111, 11111111 111 01111 111111101111 01111·
1111111 011111111111 111111111111111111 1101111111, 11111111111111, 11 111
1111Ν1111111101111111111111110111, 011 010111111111111 0111111 11111111 111 11·-
1111011111 1111111111, 1111. 11 0111 1111111111 zum heiligen 011111 1111111110 auf
1111111011 01111111111111101111111. 110111 111 1111 01111111 011 11111
k. 1. 11111011111111 111111101. 011 1111111111111111 1111111111 01111 11
1111111111 11111, 1110111 111 1111111011 0111111111, 011 111111111πά11 Ko-
11111 1011111111 11 1111111111, 11011111111110111110111110111 111111 011 1111111-
11111 1111111111 11110111·

1011811111 01 011 11111111 -111 1111111 01101111111111111111111111,
1110, 1111 0110111111. 1111111. 11111110, 111111111110, 0111 01111111, 11111 011
11111111 011 1111111111111111 111 111111111011111111111011111 110 1110111110111
1111111111 10101111111 11111111111111, 1111 11110111 11101111 11111, 11111·
011Ν1111111110111111111111110111, 111 1111101111 011 conventa 1111110111 011
01011111 01111111111111.)

 

