CLVI Der 666666 6666666666 nauem 66 aas 666. Pam.

76166 von (1616666 6666166616, 1666 116 11616 661 ordnung 16116666
8161111611 61611 3661161 66616, 6ο 16116 0616666 166166 11616116,
1661 61666661661166. cardinal 81661666666116 1661666111 war 16166
3666111161, 116 666 116661611666 166 0616666 661661661666, 66611666
man 166 1661. 76166 611 661666 Truppen 661111611 1616. Nun
66116116 (161666611111116666116 016 166-81611, um 116 11611611
166 Person des 1611. 761666 zu 111661 86 61611 66 16 Rom. 1161
666 waren 116 6161116166 1116116, 6116661 166 (1666161616 166
1661116666 11661166 661166616161116166 176116616663 66616686166
hernusgeworfen wurde? Dor 6666616616 86666116 86666 Arnim
6616116 661166 6166 6661166166 6616161666 7666611116666116; 16616166-
michaeam 8616616166 (1661 76661666666166116116611666116 116116 66
6616166, 6616116 616 6166 6661366 gut. (Vgl. 0661. 71. 116. 241.
Ι. 86116. Π. Sp. und 86161. 1111. 116. 41. 8. 32711166166161616616
(16666116 soll 6161 666611161 (1661666166 666666666616166. 8166661·
11616 6666616616 31661116 6666666166 6161 11166661611166661116166
116166 Papst. »1)66 1661166161 von Poso'n 0661 1616616661] 661616
66666 6666 1116166161 Η666166661166 nach 7666611166. 1166111613
1661 866666 6611666, 6616166 1116616666 Ρ661666111611 1870 Nr. 44.
6161161, 11666166 Η661661661166 66 16611661166161666111661666 =

»1166611661166161 666 8616661 1166 161166 vom 17161116.
1616 161 6666166666 und von (166 6666666 16661166 1766166 Κ6661
6166 6666666666, zu 6616166 816 116 1666161166 Lago 166 heiligen
8161166 66666166616. 161 161161666116 116166 1166166666 1666116661,
. 16616161 166 1116 6161611611661666 81661661666616666616116666166
1616666666 (166 heiligen 8161166 mit 166 1161666 161161166166 11161-
166 16 6661666161 1166616666 66 166166 661 616616 11161 166116666-
166611666166 66 166166, 1666116866611666661161666 1166166663
616116166166 36161166 1161616 1161166 6666166. Indum 161 11666
diesin Erwiderung 11666 8616611666 6611166, 6661616116 161 6611 16-
16666166 (1666666666

Ρ661661166166, 26. 0616166 1870.
· 116 66111366 111616

Ludwiys
12. Am 7666166616 166 1166616166 Rome hat 166 11. 176166
61666 Brief 66 (1666661 11666166 6666116166, 666 66161666 sogar 116
A. Z. Nr. 272. 66616166 66666, dass 66 6661661611666161166 1616
16166116 66131, 66661611 166 Papst 66166 86116166, 16616 61166 166-

616116166161611,1166166166666 6666616. Der 861611661616
»Hert 06666611 Nun, 16 man im Begriffo 161, 61666 6666666
1166661 und die 66661666611616161666666111616611 66 661111636616161

ι
ι

 

