11) nant. 515515115551.11551515155355 a. 1. 51515115. 0551555155.

6..Β., 11555 115 155 5515555555515 (1555155155 5153555555 85551-

35551515555555 durch den in dieser Beziehung 55515 15 15511555·-
555155 555. XI. des 151555115555 Ρ5555555 vom 5. November 1855, 1
515. 195. R. (1. Β. 555555135 worden. Sind nun die 65515555 51555
5555155115 1155511553 155 (1515153555 1515511551553, 55 11555155
5155 51155555511555 war oder 51555, 51555 11515115 zu 5555555555,
1551 5155 5155 5555553555515 1155555555553551515155555555, 1555
1555 3515153555 81555515 515 5555551155535555511551555551155
555 1555 11535, 51555 551513555 so kann 551551555551511155 51555 51555
155555 5555151555155 Ennatznnnprnch von 155 5153551155555 6551555555
51555 55555515155 555155. 5555 5555 1555555, ’1555 115 vom 6515153·
555 55535555555555 1515555553 155 Κ153555 555 155 Ρ155151515555
155 115555511555-11555155551 15 11155 5515 11555555115553 vom 19.
September 1864 5555555,115 8555555 vom 6515153555 5555 doch in
Vollnng 3555155 55515, kann 515 dem Ρ515555555555535155513551155-
55551155 515151 351513551 5555155, 55155 nundinam 1155555511555
1555155555 5151555, 551555 5555555 1155555511553 5555 115 115555115- .
5553 55 5155555. 115 1555 5555 5555 1551115355 5155513 55155555, dass ,
115 5555555555 65515555 zur Benrthoilnng 155 155515555551315515 5155 1
Ι1155555555155131515 51555 51555555155555 Η5511553 155 1115555155,
welche 1555, 5515 55555 5555 55555515, 115 1155511535 1551555555-
unns 1555 155 115555 zum 85551555555555 511155 55515555, 51555 55555- 1

' 155 5151, 55511 55 5155 15 15555553 115555 551555 5555551555 55 155

11555115555 055555, 55551155 155 1555155551 15 Wien 35555155 555,
1555 551555 11153555 din 851511353115. 2115511867551155555
155. 515 5551555555 115 1555555555 155 65515555 zur 11555551-
1553551 11515555115553 15511555555555 5555555555555 551155115-
55511 15515. 15. 555155355155555 5155 55555515·5.5355

4. 4115515511515 Κ15515ν solym 155 1151131555 155 1155155.
(nrt. 5. 555555 5. nan 55555555. nes. v. 55. nnn 5555.) »

. ,455 6151555555 5551555555 15585155553551115555551555 1869,
Nr. 25 ss: 6555555551551555 1515555555 (5151515555155555515551515
155 55, dass 555551151555555551515555555555555555555, 55555 ¹
15515155 5553555555555 Sinn 551355 sanes 5515135 5151. Zur Bn-
35151553 11555511555 1513551555
1) 5155 23. 1511 1868 35555 din 15555155551115555555311.,
solbet 555 51555 3551555555 155 5555555551, 15115135 51555 mehr·
15551355 555551155555155155555 5515 K, 515555 5555555555155555
Β555555311555515555, 515 555511555511151, 155 515 (515 55555 515 55-
15555 155 1. 1865) 555 1555 protestnnnsenon Pastor nu G. 555155 11555.

 

