Vortray den 0811-Μ10181.1100880080008 29. 18111870. 283

18011 1188810188, welche 81011 8818108 88088 int 1088 8180801108-
80808 0080081810 818 dem 808 880018811081108888 8080818108, kann ¹
108801108181088 80180808 (10811010 1180810818808881101108 kaum
110 118101888081011108 Β110108 8108 8801 1888 81011 110 11011011
einer riiekhaltloson Μο188888888808888 zu (1888108 1810101108
818818808811 808181108. 10 0818108οῐ ihre 18808108, je 8818808·
ihre Loyalitnn 10810 81010108 0811111 810 110 1101080088888, 1888 810
durch 18111801081118108108180108108 (1018181818 108 Stant zu
10808808 8088801108. 1108 1101111011 108 10880108888108 111-
8181088 118808 1118108111 181 08, 1188881808 81088810811181881 18 Vor-
801108881818808,8010101101080188810881011810818111181880 108
818818101088, 80 8011 80880111010-10808881011 801011, 8881118818 von
80018011081088080818 Interesse 108 11188108 8101 zur 1818010 8101108.
’11811101 1811018801 110 81011180 Frage 81011 8110880108,
01 18801 110 1088118810 1811018888 (1080080818108 810111101100110
118808 1181811118 188081 8010108110180 808018118101081001818101-
11810188081881088 8080 100181 888880801880 (10811010 ,10888110-
80180808 werdon 1188108.
11801 8801808 80118108 1811180108 1101088088888181 1108 80
80818 108 11811, 818 1108 nach 1088 8800181108 1108888 1081181011-
1881011 8101888108 1181088188181101181. Ant. 19. 1081108008-
1818, 8010108 8801108808118 818 8888010810 Noun 888οτ881081 081-
ff recht 08101108 110111, 0088181111 8181101 81011 0881 das 110011 118808
’ 1118108111 znr 1188088888 1811801810, 8081088 1080101801 18880110
’ 818 018 18811 0108180810180108, Η10181118081110818801188011188108
ἰ 1081818088 110810880808 10880011.
} 1811188188 188 1081010810 110011 818 8010108 8808188881,
'z 88110 1108018810888888101881 110 1101081088888 108 11801108
⁴ 80810811081801188011188108108181808, 8180 881 01808 8800101108
ζ 1001181101 8818101, 80 181 11080110 880188181011188081100118-
88881811808 81011 018800118008811181808108101, 8081088 888108
18818801 01808 1881811801οη 1101088088888 108 81881101088181108
80118111011888881188818188081081010810110011. Dione 1100118-
8880188888 und beziohungswoino 188 8810880101188 11880810110
110011 110111 durch 110 1181101888 1881101801810888088 8011818888
1 88181181 881018 1180108 18808 08180110 108 81881101081181108
.' 81810 8101 818 01081880 1100118881018888, 1. 1. 818 1108188888 01808
11001108 1888101108, 118 108808 8181110108, 8011811811808Βο81881 8101
²' 1101180108808811888 0188881188 108118810810888888088800108
181, 0180 1818801101, 01 188 1081811010 1101080181088808108110--
1 81011 0108 81011 . 11100, 108 211811 1810.

 

